4
linear   essential      -0.250000   0.750000
linear   non-essential   0.000000   1.000000
linear   essential       0.000000   1.000000
linear   essential       0.000000   1.000000

R 1
significant   elliptical    17
	  0.356847  0.521576  0.257353  0.136489
	  0.019710  0.035032  0.015630  0.002589

C 1
significant   elliptical    17
	  0.382812  0.448897  0.239430  0.141085
	  0.004663  0.041537  0.002023  0.003181

E 1
significant   elliptical    44
	  0.380149  0.419673  0.228604  0.128906
	  0.004837  0.055192  0.002013  0.004083

I 1
significant   elliptical    17
	  0.386259  0.375299  0.225643  0.124540
	  0.004940  0.031093  0.001554  0.004677

V 1
significant   elliptical    20
	  0.383398  0.493027  0.227539  0.145703
	  0.003966  0.044587  0.001167  0.003600

D 1
significant   elliptical     8
	  0.401855  0.484766  0.238281  0.132812
	  0.006520  0.035911  0.002245  0.001835

J 1
significant   elliptical     2
	  0.365234  0.132031  0.105469  0.080078
	  0.010445  0.006505  0.002472  0.000400

1 1
significant   elliptical    10
	  0.309375  0.231133  0.185547  0.086719
	  0.002824  0.002390  0.001296  0.000511

0 1
significant   elliptical    18
	  0.271267  0.268902  0.206814  0.093750
	  0.010847  0.054194  0.008555  0.003226

2 1
significant   elliptical    23
	  0.230299  0.257728  0.175272  0.092561
	  0.020760  0.032979  0.005280  0.001409

6 1
significant   elliptical     3
	  0.247396  0.157161  0.174479  0.057292
	  0.000400  0.000400  0.000400  0.000400

B 1
significant   elliptical     7
	  0.125558  0.398493  0.121652  0.440290
	  0.015180  0.087633  0.008364  0.213505

Y 1
significant   elliptical     7
	 -0.031250  0.290290  0.095424  0.383371
	  0.103307  0.029852  0.008020  0.087649

A 1
significant   elliptical     3
	  0.475260  0.136198  0.095052  0.078125
	  0.054937  0.017295  0.005834  0.004410

4 1
significant   elliptical     1
	  0.265625  0.266016  0.167969  0.093750
	  0.000400  0.000400  0.000400  0.000400

M 1
significant   elliptical     1
	  0.234375  0.214844  0.156250  0.089844
	  0.000400  0.000400  0.000400  0.000400

5 1
significant   elliptical     1
	  0.242188  0.149219  0.171875  0.058594
	  0.000400  0.000400  0.000400  0.000400

L 1
significant   elliptical     1
	  0.175781  0.152734  0.179688  0.062500
	  0.000400  0.000400  0.000400  0.000400

G 1
significant   elliptical     1
	  0.242188  0.209375  0.167969  0.074219
	  0.000400  0.000400  0.000400  0.000400

7 1
significant   elliptical     4
	  0.254883  0.186035  0.196289  0.072266
	  0.010146  0.008043  0.003513  0.000778

O 1
significant   elliptical     1
	  0.382812  0.205859  0.156250  0.074219
	  0.000400  0.000400  0.000400  0.000400

T 1
significant   elliptical     1
	  0.300781  0.183594  0.128906  0.074219
	  0.000400  0.000400  0.000400  0.000400

8 1
significant   elliptical     1
	  0.261719  0.270312  0.164062  0.101562
	  0.000400  0.000400  0.000400  0.000400

9 1
significant   elliptical     1
	  0.246094  0.127344  0.164062  0.046875
	  0.000400  0.000400  0.000400  0.000400

3 1
significant   elliptical     1
	  0.230469  0.112891  0.148438  0.042969
	  0.000400  0.000400  0.000400  0.000400

S 1
significant   elliptical     9
	  0.189670  0.194575  0.210938  0.064670
	  0.216481  0.012494  0.005478  0.000725

P 1
significant   elliptical     8
	  0.292480  0.192480  0.176270  0.077637
	  0.001489  0.008088  0.000891  0.002334

: 1
significant   elliptical     1
	  0.066406  0.291016  0.046875  0.382812
	  0.000400  0.000400  0.000400  0.000400
