4
linear   essential      -0.250000   0.750000
linear   non-essential   0.000000   1.000000
linear   essential       0.000000   1.000000
linear   essential       0.000000   1.000000

R 1
significant   elliptical    17
	  0.354320  0.511144  0.256893  0.133042
	  0.019794  0.039561  0.015687  0.002961

C 1
significant   elliptical    17
	  0.386029  0.424426  0.237592  0.133961
	  0.004532  0.049664  0.002100  0.003744

E 1
significant   elliptical    45
	  0.376042  0.408090  0.225347  0.124479
	  0.006028  0.052881  0.002394  0.003953

I 1
significant   elliptical    16
	  0.383301  0.362720  0.227295  0.120605
	  0.005241  0.035210  0.001591  0.005359

V 1
significant   elliptical    20
	  0.377344  0.517812  0.229492  0.154492
	  0.004538  0.051093  0.001095  0.005105

D 1
significant   elliptical     9
	  0.337674  0.489974  0.254340  0.127170
	  0.042778  0.031666  0.004286  0.001893

J 1
significant   elliptical     2
	  0.365234  0.132031  0.105469  0.080078
	  0.010445  0.006505  0.002472  0.000400

1 1
significant   elliptical    11
	  0.305043  0.224006  0.183594  0.082741
	  0.002748  0.002709  0.001208  0.000634

0 1
significant   elliptical    18
	  0.245660  0.233941  0.207682  0.085069
	  0.041597  0.012180  0.010186  0.001430

2 1
significant   elliptical    23
	  0.256454  0.210377  0.161345  0.081692
	  0.001826  0.006777  0.000651  0.001291

6 1
significant   elliptical     3
	  0.247396  0.157161  0.174479  0.057292
	  0.000400  0.000400  0.000400  0.000400

B 1
significant   elliptical     7
	  0.125558  0.398493  0.121652  0.440290
	  0.015180  0.087633  0.008364  0.213505

Y 1
significant   elliptical     6
	 -0.065755  0.309115  0.070964  0.436849
	  0.113967  0.032846  0.004598  0.081155

A 1
significant   elliptical     3
	  0.305990  0.179557  0.152344  0.088542
	  0.021215  0.006896  0.002029  0.002660

4 1
significant   elliptical     1
	  0.265625  0.266016  0.167969  0.093750
	  0.000400  0.000400  0.000400  0.000400

M 1
significant   elliptical     1
	  0.097656  0.084766  0.261719  0.027344
	  0.000400  0.000400  0.000400  0.000400

5 1
significant   elliptical     1
	  0.246094  0.208984  0.144531  0.078125
	  0.000400  0.000400  0.000400  0.000400

L 1
significant   elliptical     1
	  0.175781  0.152734  0.179688  0.062500
	  0.000400  0.000400  0.000400  0.000400

G 1
significant   elliptical     1
	  0.242188  0.209375  0.167969  0.074219
	  0.000400  0.000400  0.000400  0.000400

7 1
significant   elliptical     4
	  0.254883  0.186035  0.196289  0.072266
	  0.010146  0.008043  0.003513  0.000778

O 1
significant   elliptical     1
	  0.382812  0.205859  0.156250  0.074219
	  0.000400  0.000400  0.000400  0.000400

T 1
significant   elliptical     1
	  0.300781  0.183594  0.128906  0.074219
	  0.000400  0.000400  0.000400  0.000400

8 1
significant   elliptical     1
	  0.261719  0.270312  0.164062  0.101562
	  0.000400  0.000400  0.000400  0.000400

9 1
significant   elliptical     1
	  0.246094  0.127344  0.164062  0.046875
	  0.000400  0.000400  0.000400  0.000400

3 1
significant   elliptical     1
	  0.230469  0.112891  0.148438  0.042969
	  0.000400  0.000400  0.000400  0.000400

S 1
significant   elliptical     9
	  0.184028  0.200911  0.210503  0.064236
	  0.215933  0.011738  0.005525  0.000489

P 1
significant   elliptical     8
	  0.288574  0.197900  0.177246  0.078613
	  0.001990  0.008314  0.000846  0.002317

: 1
significant   elliptical     1
	  0.066406  0.291016  0.046875  0.382812
	  0.000400  0.000400  0.000400  0.000400
